
El patron está definido en 'PatternFactory' en la estructura 'Element'

    struct Element {
        Uint mask;
        item items[MAX_ELEMENTS];
    };


Un patrón es entonces determinado por una mascara ('mask') y el número de elementos ('items') que lo componen. El valor de la mascara depende del total de nodos insertos. Cada nodo inserto tiene una posición determinada dentro de esta mascara.

Por ejemplo el patron número 1 tiene inserto un nodo designado con el valor 11

|26|25|24|23|.....|12|11|10|9|8|7|6|5|4|3|2|1|0|
 0  0   0  0 ..... 1  0  0  0 0 0 0 0 0 0 0 0 0  = 

Patron1  --> nodo  11               : 000000000000000100000000000  2048
Patron2  --> nodos 11|19            : 000000010000000100000000000  526336
Patron3  --> nodos 11|17            : 000000000100000100000000000  133120
Patron4  --> nodos 11|13	    : 000000000000010100000000000  10240
Patron5  --> nodos 11|14            : 000000000000100100000000000  18432 	 
Patron6  --> nodos 11|13|18         : 000000001000010100000000000  272384  
Patron7  --> nodos 11|13|19         : 000000010000010100000000000  534528  
Patron8  --> nodos 11|14|19         : 000000010000100100000000000  542720  
Patron9  --> nodos 8|11|12          : 000000000000001100100000000  6400 	 
Patron10 --> nodos 11|17|19         : 000000010100000100000000000  657408  
Patron11 --> nodos 11|12|19         : 000000010000001100000000000  530432  
Patron12 --> nodos 11|15|19         : 000000010001000100000000000  559104  
Patron13 --> nodos 8|11|19          : 000000010000000100100000000  526592  
Patron14 --> nodos 11|12|15|19|24   : 001000010001001100000000000  17340416
Patron15 --> nodos 9|11|17|19       : 000000010100000101000000000  657920  
Patron16 --> nodos 11|13|14|19      : 000000010000110100000000000  550912  
Patron17 --> nodos 8|10|12|15       : 000000000001001010100000000  38144 	 
Patron18 --> nodos 11|12|13|19      : 000000010000011100000000000  538624  
Patron19 --> nodos 11|12|15|19      : 000000010001001100000000000  563200  
Patron20 --> nodos 11|12|15|19|24   : 001000010001001100000000000  17340416
Patron21 --> nodos 9|11|12|15|19|24 : 001000010001001101000000000  17340928


La forma para detectar un patron, consiste en ir girando cubo en cada una de las combinaciones posibles en X,Y,Z. En cada rotación se calcula un nuevo valor de esta mascara y se compara con el valor 'mask' de la estructura en PatternFactory.

Existe un script en python (findPattern.py) en el directorio 'src' de 'CubePattern' que permite sacar los valores de las mascaras para cada uno de los patrones.

>python CubePatterns/src/findPattern.py
1 	 2048 		 000000000000000100000000000 	 |11
2 	 526336 		 000000010000000100000000000 	 |11|19
3 	 133120 		 000000000100000100000000000 	 |11|17
4 	 10240 		 000000000000010100000000000 	 |11|13
5 	 18432 		 000000000000100100000000000 	 |11|14
6 	 272384 		 000000001000010100000000000 	 |11|13|18
7 	 534528 		 000000010000010100000000000 	 |11|13|19
8 	 542720 		 000000010000100100000000000 	 |11|14|19
9 	 6400 		 000000000000001100100000000 	 |8|11|12
10 	 657408 		 000000010100000100000000000 	 |11|17|19
11 	 530432 		 000000010000001100000000000 	 |11|12|19
12 	 559104 		 000000010001000100000000000 	 |11|15|19
13 	 526592 		 000000010000000100100000000 	 |8|11|19
14 	 17340416 		 001000010001001100000000000 	 |11|12|15|19|24
15 	 657920 		 000000010100000101000000000 	 |9|11|17|19
16 	 550912 		 000000010000110100000000000 	 |11|13|14|19
17 	 38144 		 000000000001001010100000000 	 |8|10|12|15
18 	 538624 		 000000010000011100000000000 	 |11|12|13|19
19 	 563200 		 000000010001001100000000000 	 |11|12|15|19
20 	 17340416 		 001000010001001100000000000 	 |11|12|15|19|24


